00002
00004
00006
00007
00008
00011
00014
00015
00016
00017
00020
00021
00023
00024
00025
00026
00027
00028
00030
00031
00032
00033
00035
00038
00040
00041
00042
00044
00045
00047
00048
00049
00050
00051
00052
00055
00056
00058
00059
00060
00061
00064
00066
00067
00068
00070
00074
00075
00076
00077
00079
00080
00083
00084
00085
00086
00087
00089
00092
00097
00098
00100
00101
00103
00106
00110
00112
00113
00114
00119
00120
00121
00122
00123
00124
00125
00126
00128
00129
00130
00132
00135
00136
00137
00138
00140
00142
00144
00145
00146
00147
00149
00151
00160
00161
00162
00163
00164
00165
00167
00168
00169
00171
00174
00178
00179
00180
00181
00183
00184
00185
00186
00187
00190
00191
00192
00193
00194
00195
00197
00198
00199
00201
00202
00204
00206
00207
00212
00214
00216
00222
00223
00226
00227
00229
00230
00231
00232
00233
00234
00235
00236
00237
00238
00239
00242
00245
00246
00247
00250
00251
00252
00254
00258
00259
00262
00264
00267
00275
00278
00279
00280
00283
00287
00295
00296
00297
00300
00301
00303
00304
00305
00307
00308
00310
00311
00316
00317
00319
00320
00325
00327
00328
00330
00331
00332
00335
00339
00340
00341
00342
00345
00346
00347
00348
00349
00350
00351
00352
00353
00356
00357
00359
00360
00362
00363
00366
00367
00369
00370
00371
00372
00374
00375
00376
00378
00379
00380
00381
00382
00385
00386
00387
00389
00390
00393
00396
00397
00398
00399
00400
00403
00404
00406
00408
00409
00410
00411
00412
00413
00414
00415
00416
00420
00421
00422
00423
00424
00426
00427
00429
00430
00431
00434
00439
00442
00443
00444
00445
00449
00450
00451
00454
00455
00456
00459
00461
00462
00464
00465
00466
00467
00470
00473
00474
00479
00480
00481
00482
00483
00484
00485
00486
00490
00491
00492
00493
00494
00496
00499
00500
00501
00502
00505
00506
00509
00510
00511
00512
00513
00516
00518
00519
00520
00523
00527
00528
00529
00531
00532
00533
00537
00538
00539
00540
00542
00545
00548
00549
00550
00551
00552
00554
00556
00558
00559
00561
00563
00564
00565
00566
00567
00568
00570
00571
00573
00574
00576
00578
00579
00581
00594
00595
00597
00599
00600
00602
00604
00605
00606
00609
00610
00613
00614
00615
00618
00621
00623
00624
00627
00628
00629
00630
00631
00633
00634
00635
00636
00637
00638
00639
00643
00644
00645
00646
00648
00650
00651
00652
00653
00655
00656
00657
00660
00663
00666
00669
00670
00671
00672
00675
00676
00677
00678
00679
00681
00682
00684
00685
00688
00689
00690
00691
00692
00693
00696
00697
00698
00700
00703
00705
00706
00707
00708
00711
00713
00714
00715
00716
00717
00718
00721
00722
00726
00727
00728
00729
00732
00734
00735
00741
00742
00743
00748
00751
00754
00757
00758
00759
00762
00763
00765
00767
00768
00769
00770
00771
00774
00776
00778
00781
00783
00784
00786
00787
00788
00789
00790
00791
00796
00800
00802
00804
00806
00807
00808
00809
00810
00811
00812
00813
00816
00817
00818
00819
00820
00822
00823
00824
00825
00827
00828
00829
00830
00831
00832
00833
00835
00838
00840
00843
00844
00845
00846
00847
00849
00850
00852
00853
00856
00857
00858
00859
00860
00861
00862
00863
00864
00865
00866
00867
00868
00869
00870
00871
00872
00873
00876
00879
00880
00882
00884
00889
00890
00892
00893
00894
00895
00896
00897
00898
00899
00901
00903
00905
00906
00908
00909
00910
00911
00912
00913
00914
00916
00918
00919
00920
00923
00924
00925
00926
00927
00928
00929
00930
00932
00933
00935
00936
00937
00938
00941
00943
00944
00945
00946
00948
00950
00954
00956
00957
00958
00959
00961
00962
00963
00966
00967
00969
00970
00972
00973
00975
00976
00977
00978
00981
00983
00985
00986
00988
00991
00993
00994
00996
00998
00999
01000
01003
01005
01006
01011
01012
01013
01014
01015
01016
01018
01019
01021
01024
01025
01026
01027
01029
01030
01032
01033
01034
01035
01036
01039
01040
01041
01042
01043
01044
01046
01047
01048
01050
01051
01053
01054
01055
01057
01059
01063
01065
01067
01068
01071
01072
01073
01074
01075
01077
01078
01079
01080
01081
01082
01083
01084
01085
01086
01088
01090
01091
01092
01093
01094
01095
01097
01098
01099
01101
01103
01104
01105
01113
01114
01116
01117
01119
01121
01124
01126
01127
01131
01132
01133
01134
01136
01139
01140
01142
01143
01144
01145
01146
01148
01150
01151
01152
01153
01158
01159
01160
01161
01162
01164
01165
01166
01167
01169
01170
01173
01175
01177
01178
01182
01184
01185
01187
01191
01192
01194
01197
01198
01199
01200
01202
01203
01206
01207
01208
01213
01218
01219
01221
01222
01223
01224
01227
01229
01230
01232
01233
01234
01235
01237
01240
01246
01247
01248
01249
01250
01251
01252
01254
01256
01257
01258
01263
01267
01269
01272
01274
01275
01277
01278
01279
01282
01283
01287
01290
01292
01294
01295
01296
01297
01299
01300
01302
01303
01304
01306
01307
01310
01311
01312
01314
01318
01324
01325
01326
01327
01332
01333
01335
01336
01337
01338
01339
01340
01343
01344
01345
01346
01348
01349
01350
01354
01356
01357
01359
01360
01364
01365
01366
01368
01370
01371
01372
01375
01376
01378
01379
01382
01383
01384
01386
01388
01391
01393
01395
01397
01400
01402
01404
01406
01407
01410
01413
01414
01416
01417
01418
01419
01420
01421
01422
01424
01425
01426
01429
01430
01433
01434
01436
01438
01439
01441
01443
01444
01449
01451
01453
01454
01457
01458
01459
01460
01462
01464
01465
01466
01467
01468
01469
01470
01472
01473
01474
01475
01476
01477
01479
01480
01482
01483
01488
01489
01492
01493
01495
01496
01497
01498
01500
01501
01502
01504
01505
01506
01507
01509
01510
01512
01514
01515
01516
01521
01522
01523
01524
01529
01530
01531
01532
01534
01535
01536
01537
01538
01543
01546
01549
01550
01555
01556
01560
01562
01563
01566
01569
01571
01572
01573
01576
01581
01584
01586
01588
01589
01590
01591
01594
01596
01598
01600
01602
01607
01609
01613
01614
01615
01617
01619
01620
01621
01622
01624
01627
01628
01629
01631
01632
01633
01636
01637
01640
01642
01643
01644
01645
01646
01647
01648
01649
01651
01653
01655
01657
01661
01662
01665
01668
01672
01673
01674
01676
01677
01678
01679
01680
01681
01684
01688
01689
01691
01692
01693
01694
01695
01696
01698
01699
01702
01703
01704
01705
01706
01708
01712
01714
01715
01718
01719
01721
01722
01723
01724
01728
01731
01732
01733
01734
01735
01736
01738
01739
01740
01741
01742
01744
01745
01746
01747
01748
01749
01750
01752
01753
01756
01759
01760
01764
01766
01767
01772
01773
01774
01775
01776
01778
01779
01783
01784
01785
01787
01788
01790
01791
01793
01794
01796
01797
01799
01802
01803
01809
01810
01811
01812
01813
01814
01815
01816
01820
01821
01824
01825
01826
01827
01828
01831
01835
01837
01838
01839
01841
01842
01843
01844
01845
01846
01848
01849
01855
01856
01857
01859
01860
01861
01862
01864
01865
01866
01867
01868
01870
01872
01873
01874
01875
01876
01877
01878
01880
01884
01885
01886
01887
01890
01891
01893
01894
01895
01897
01898
01899
01901
01903
01904
01905
01906
01908
01909
01910
01911
01912
01914
01915
01916
01917
01918
01920
01921
01922
01924
01925
01926
01927
01929
01930
01933
01941
01942
01944
01946
01947
01948
01952
01954
01957
01958
01959
01960
01961
01962
01964
01965
01966
01967
01969
01970
01972
01973
01976
01977
01978
01983
01984
01985
01986
01987
01988
01990
01991
01992
01993
01994
01995
01996
01997
01998
01999
02001
02003
02022
02023
02029
02031
02034
02037
02040
02041
02045
02050
02052
02053
02055
02056
02058
02059
02060
02061
02062
02063
02064
02065
02066
02069
02070
02073
02074
02075
02076
02077
02082
02084
02087
02088
02089
02090
02092
02093
02094
02095
02096
02097
02098
02099
02100
02101
02102
02103
02105
02106
02108
02111
02112
02113
02115
02118
02119
02120
02121
02122
02124
02127
02128
02129
02134
02139
02140
02141
02142
02143
02146
02150
02151
02152
02155
02156
02157
02160
02161
02165
02168
02171
02173
02180
02181
02183
02184
02186
02193
02195
02197
02199
02200
02202
02211
02212
02233
02234
02235
02242
02243
02244
02247
02252
02253
02255
02258
02259
02261
02265
02271
02279
02282
02285
02291
02295
02296
02302
02304
02305
02307
02315
02317
02318
02322
02323
02327
02329
02334
02339
02340
02350
02351
02354
02356
02357
02358
02365
02373
02378
02384
02389
02392
02394
02398
02399
02400
02405
02406
02409
02410
02416
02421
02423
02424
02425
02426
02430
02440
02441
02442
02447
02449
02450
02452
02453
02462
02463
02469
02470
02475
02478
02480
02483
02489
02498
02503
02507
02508
02509
02510
02512
02514
02518
02526
02527
02530
02541
02542
02543
02546
02549
02560
02574
02578
02579
02581
02584
02586
02588
02593
02594
02596
02597
02601
02602
02606
02608
02609
02610
02616
02623
02628
02633
02636
02640
02646
02647
02649
02651
02671
02673
02674
02677
02678
02691
02695
02702
02703
02704
02710
02714
02715
02718
02722
02723
02724
02725
02727
02730
02738
02749
02752
02754
02758
02760
02769
02773
02774
02784
02796
02797
02799
02801
02802
02804
02805
02807
02811
02815
02817
02820
02823
02825
02826
02832
02833
02844
02848
02862
02867
02868
02870
02871
02873
02883
02885
02887
02891
02892
02893
02897
02900
02901
02902
02903
02904
02906
02907
02910
02911
02913
02914
02925
02928
02940
02943
02945
02947
02953
02955
02958
02960
02963
02964
02965
02967
02968
02971
02993
02994
02999
03005
03007
03009
03010
03015
03016
03022
03033
03035
03036
03038
03039
03041
03043
03045
03046
03047
03048
03049
03050
03058
03065
03069
03071
03073
03077
03081
03082
03086
03087
03091
03094
03098
03099
03104
03109
03113
03121
03122
03128
03131
03139
03142
03148
03151
03155
03161
03163
03167
03176
03181
03191
03192
03194
03197
03202
03205
03216
03219
03220
03221
03223
03227
03228
03230
03236
03237
03241
03244
03245
03246
03248
03251
03252
03257
03258
03264
03269
03270
03276
03277
03280
03282
03286
03288
03291
03292
03298
03299
03310
03311
03322
03323
03324
03331
03333
03334
03340
03342
03344
03348
03349
03356
03359
03363
03364
03367
03370
03375
03385
03396
03397
03400
03402
03411
03417
03418
03419
03430
03431
03439
03442
03444
03448
03449
03453
03455
03457
03458
03459
03461
03462
03474
03487
03492
03495
03499
03501
03503
03505
03508
03510
03513
03518
03524
03526
03533
03534
03535
03536
03538
03546
03547
03554
03555
03559
03566
03569
03570
03572
03574
03585
03588
03589
03590
03593
03597
03604
03606
03607
03611
03614
03620
03624
03627
03628
03629
03631
03632
03639
03641
03643
03645
03647
03654
03656
03657
03662
03663
03669
03670
03671
03673
03674
03680
03684
03686
03687
03694
03695
03697
03699
03712
03713
03715
03717
03722
03726
03730
03731
03732
03734
03736
03737
03742
03746
03750
03753
03755
03764
03766
03767
03771
03776
03777
03778
03785
03788
03790
03791
03795
03798
03799
03800
03801
03805
03806
03813
03817
03826
03828
03832
03833
03834
03841
03842
03846
03853
03854
03860
03861
03862
03863
03866
03868
03874
03877
03879
03882
03885
03890
03896
03901
03905
03906
03910
03913
03916
03921
03922
03925
03926
03929
03939
03944
03951
03959
03961
03962
03964
03965
